10	1	34
10	2	34
10	12	1
10	14	1
10	19	1
10	20	1
10	23	1
10	24	2
10	25	2
10	26	1
10	27	2
10	28	3
10	30	1
11	1	34
11	2	34
11	12	1
11	15	1
11	18	1
11	19	1
11	23	3
11	24	1
11	25	1
11	26	2
11	27	2
11	28	2
11	29	1
12	1	34
12	2	34
12	12	1
12	13	1
12	17	1
12	18	1
12	20	2
12	21	2
12	22	4
12	23	1
12	24	1
12	25	2
13	1	34
13	2	17
13	3	17
13	12	1
13	14	1
13	15	1
13	17	1
13	19	2
13	20	1
13	21	1
13	22	2
13	23	3
13	24	1
13	25	1
13	26	1
14	1	34
14	2	34
14	11	1
14	13	1
14	18	1
14	19	1
14	23	3
14	24	5
14	25	3
14	26	1
15	1	34
15	2	17
15	3	17
15	12	1
15	13	1
15	16	1
15	17	1
15	21	2
15	22	3
15	23	4
15	24	3
16	1	34
16	2	34
16	11	1
16	12	1
16	15	1
16	17	1
16	21	2
16	22	4
16	23	3
16	24	2
16	25	1
17	1	34
17	2	17
17	3	17
17	12	1
17	13	1
17	17	1
17	18	1
17	23	3
17	24	3
17	25	2
17	26	3
17	27	1
18	1	34
18	2	34
18	13	1
18	14	1
18	18	2
18	23	3
18	24	4
18	25	1
18	26	1
18	27	2
18	28	1
19	1	34
19	2	34
19	12	1
19	15	1
19	18	2
19	21	1
19	22	1
19	23	4
19	24	2
19	26	1
19	27	3
20	1	34
20	2	17
20	3	17
20	13	2
20	16	1
20	17	1
20	24	1
20	25	4
20	26	3
20	27	3
20	28	1
21	1	34
21	2	34
21	11	1
21	13	1
21	16	1
21	17	1
21	20	1
21	21	4
21	22	2
21	23	3
21	24	1
21	25	1
22	1	34
22	2	17
22	3	17
22	11	1
22	13	1
22	16	1
22	17	1
22	23	4
22	24	2
22	25	4
22	26	2
23	1	34
23	2	17
23	3	17
23	12	1
23	13	1
23	16	2
23	24	2
23	25	2
23	26	3
23	27	2
23	28	2
23	29	1
24	1	34
24	2	34
24	12	1
24	14	1
24	18	1
24	19	1
24	23	3
24	24	3
24	25	2
24	26	1
24	27	1
24	28	2
25	1	34
25	2	17
25	3	17
25	11	1
25	14	1
25	17	2
25	22	2
25	23	2
25	24	4
25	26	2
25	27	2
26	1	34
26	2	17
26	3	17
26	12	1
26	13	1
26	17	2
26	23	1
26	24	3
26	25	6
26	26	1
26	27	1
27	1	34
27	2	17
27	3	17
27	11	1
27	14	1
27	17	1
27	19	1
27	23	8
27	24	2
27	25	2
28	1	34
28	2	34
28	12	1
28	14	1
28	17	1
28	19	1
28	23	1
28	24	4
28	25	4
28	26	1
28	27	1
28	28	1
29	1	34
29	2	17
29	3	17
29	12	1
29	13	1
29	17	1
29	18	1
29	21	2
29	22	3
29	23	2
29	24	2
29	25	2
29	26	1
30	1	34
30	2	34
30	11	1
30	14	1
30	17	1
30	19	2
30	20	3
30	21	4
30	22	3
30	23	1
