10	1	0
10	1	0.404762
10	2	0.404762
10	2	0.809524
10	12	0.809524
10	12	0.821429
10	14	0.821429
10	14	0.833333
10	19	0.833333
10	19	0.845238
10	20	0.845238
10	20	0.857143
10	23	0.857143
10	23	0.869048
10	24	0.869048
10	24	0.892857
10	25	0.892857
10	25	0.916667
10	26	0.916667
10	26	0.928571
10	27	0.928571
10	27	0.952381
10	28	0.952381
10	28	0.988095
10	30	0.988095
10	30	1
11	1	0
11	1	0.404762
11	2	0.404762
11	2	0.809524
11	12	0.809524
11	12	0.821429
11	15	0.821429
11	15	0.833333
11	18	0.833333
11	18	0.845238
11	19	0.845238
11	19	0.857143
11	23	0.857143
11	23	0.892857
11	24	0.892857
11	24	0.904762
11	25	0.904762
11	25	0.916667
11	26	0.916667
11	26	0.940476
11	27	0.940476
11	27	0.964286
11	28	0.964286
11	28	0.988095
11	29	0.988095
11	29	1
12	1	0
12	1	0.404762
12	2	0.404762
12	2	0.809524
12	12	0.809524
12	12	0.821429
12	13	0.821429
12	13	0.833333
12	17	0.833333
12	17	0.845238
12	18	0.845238
12	18	0.857143
12	20	0.857143
12	20	0.880952
12	21	0.880952
12	21	0.904762
12	22	0.904762
12	22	0.952381
12	23	0.952381
12	23	0.964286
12	24	0.964286
12	24	0.97619
12	25	0.97619
12	25	1
13	1	0
13	1	0.404762
13	2	0.404762
13	2	0.607143
13	3	0.607143
13	3	0.809524
13	12	0.809524
13	12	0.821429
13	14	0.821429
13	14	0.833333
13	15	0.833333
13	15	0.845238
13	17	0.845238
13	17	0.857143
13	19	0.857143
13	19	0.880952
13	20	0.880952
13	20	0.892857
13	21	0.892857
13	21	0.904762
13	22	0.904762
13	22	0.928571
13	23	0.928571
13	23	0.964286
13	24	0.964286
13	24	0.97619
13	25	0.97619
13	25	0.988095
13	26	0.988095
13	26	1
14	1	0
14	1	0.404762
14	2	0.404762
14	2	0.809524
14	11	0.809524
14	11	0.821429
14	13	0.821429
14	13	0.833333
14	18	0.833333
14	18	0.845238
14	19	0.845238
14	19	0.857143
14	23	0.857143
14	23	0.892857
14	24	0.892857
14	24	0.952381
14	25	0.952381
14	25	0.988095
14	26	0.988095
14	26	1
15	1	0
15	1	0.404762
15	2	0.404762
15	2	0.607143
15	3	0.607143
15	3	0.809524
15	12	0.809524
15	12	0.821429
15	13	0.821429
15	13	0.833333
15	16	0.833333
15	16	0.845238
15	17	0.845238
15	17	0.857143
15	21	0.857143
15	21	0.880952
15	22	0.880952
15	22	0.916667
15	23	0.916667
15	23	0.964286
15	24	0.964286
15	24	1
16	1	0
16	1	0.404762
16	2	0.404762
16	2	0.809524
16	11	0.809524
16	11	0.821429
16	12	0.821429
16	12	0.833333
16	15	0.833333
16	15	0.845238
16	17	0.845238
16	17	0.857143
16	21	0.857143
16	21	0.880952
16	22	0.880952
16	22	0.928571
16	23	0.928571
16	23	0.964286
16	24	0.964286
16	24	0.988095
16	25	0.988095
16	25	1
17	1	0
17	1	0.404762
17	2	0.404762
17	2	0.607143
17	3	0.607143
17	3	0.809524
17	12	0.809524
17	12	0.821429
17	13	0.821429
17	13	0.833333
17	17	0.833333
17	17	0.845238
17	18	0.845238
17	18	0.857143
17	23	0.857143
17	23	0.892857
17	24	0.892857
17	24	0.928571
17	25	0.928571
17	25	0.952381
17	26	0.952381
17	26	0.988095
17	27	0.988095
17	27	1
18	1	0
18	1	0.404762
18	2	0.404762
18	2	0.809524
18	13	0.809524
18	13	0.821429
18	14	0.821429
18	14	0.833333
18	18	0.833333
18	18	0.857143
18	23	0.857143
18	23	0.892857
18	24	0.892857
18	24	0.940476
18	25	0.940476
18	25	0.952381
18	26	0.952381
18	26	0.964286
18	27	0.964286
18	27	0.988095
18	28	0.988095
18	28	1
19	1	0
19	1	0.404762
19	2	0.404762
19	2	0.809524
19	12	0.809524
19	12	0.821429
19	15	0.821429
19	15	0.833333
19	18	0.833333
19	18	0.857143
19	21	0.857143
19	21	0.869048
19	22	0.869048
19	22	0.880952
19	23	0.880952
19	23	0.928571
19	24	0.928571
19	24	0.952381
19	26	0.952381
19	26	0.964286
19	27	0.964286
19	27	1
20	1	0
20	1	0.404762
20	2	0.404762
20	2	0.607143
20	3	0.607143
20	3	0.809524
20	13	0.809524
20	13	0.833333
20	16	0.833333
20	16	0.845238
20	17	0.845238
20	17	0.857143
20	24	0.857143
20	24	0.869048
20	25	0.869048
20	25	0.916667
20	26	0.916667
20	26	0.952381
20	27	0.952381
20	27	0.988095
20	28	0.988095
20	28	1
21	1	0
21	1	0.404762
21	2	0.404762
21	2	0.809524
21	11	0.809524
21	11	0.821429
21	13	0.821429
21	13	0.833333
21	16	0.833333
21	16	0.845238
21	17	0.845238
21	17	0.857143
21	20	0.857143
21	20	0.869048
21	21	0.869048
21	21	0.916667
21	22	0.916667
21	22	0.940476
21	23	0.940476
21	23	0.97619
21	24	0.97619
21	24	0.988095
21	25	0.988095
21	25	1
22	1	0
22	1	0.404762
22	2	0.404762
22	2	0.607143
22	3	0.607143
22	3	0.809524
22	11	0.809524
22	11	0.821429
22	13	0.821429
22	13	0.833333
22	16	0.833333
22	16	0.845238
22	17	0.845238
22	17	0.857143
22	23	0.857143
22	23	0.904762
22	24	0.904762
22	24	0.928571
22	25	0.928571
22	25	0.97619
22	26	0.97619
22	26	1
23	1	0
23	1	0.404762
23	2	0.404762
23	2	0.607143
23	3	0.607143
23	3	0.809524
23	12	0.809524
23	12	0.821429
23	13	0.821429
23	13	0.833333
23	16	0.833333
23	16	0.857143
23	24	0.857143
23	24	0.880952
23	25	0.880952
23	25	0.904762
23	26	0.904762
23	26	0.940476
23	27	0.940476
23	27	0.964286
23	28	0.964286
23	28	0.988095
23	29	0.988095
23	29	1
24	1	0
24	1	0.404762
24	2	0.404762
24	2	0.809524
24	12	0.809524
24	12	0.821429
24	14	0.821429
24	14	0.833333
24	18	0.833333
24	18	0.845238
24	19	0.845238
24	19	0.857143
24	23	0.857143
24	23	0.892857
24	24	0.892857
24	24	0.928571
24	25	0.928571
24	25	0.952381
24	26	0.952381
24	26	0.964286
24	27	0.964286
24	27	0.97619
24	28	0.97619
24	28	1
25	1	0
25	1	0.404762
25	2	0.404762
25	2	0.607143
25	3	0.607143
25	3	0.809524
25	11	0.809524
25	11	0.821429
25	14	0.821429
25	14	0.833333
25	17	0.833333
25	17	0.857143
25	22	0.857143
25	22	0.880952
25	23	0.880952
25	23	0.904762
25	24	0.904762
25	24	0.952381
25	26	0.952381
25	26	0.97619
25	27	0.97619
25	27	1
26	1	0
26	1	0.404762
26	2	0.404762
26	2	0.607143
26	3	0.607143
26	3	0.809524
26	12	0.809524
26	12	0.821429
26	13	0.821429
26	13	0.833333
26	17	0.833333
26	17	0.857143
26	23	0.857143
26	23	0.869048
26	24	0.869048
26	24	0.904762
26	25	0.904762
26	25	0.97619
26	26	0.97619
26	26	0.988095
26	27	0.988095
26	27	1
27	1	0
27	1	0.404762
27	2	0.404762
27	2	0.607143
27	3	0.607143
27	3	0.809524
27	11	0.809524
27	11	0.821429
27	14	0.821429
27	14	0.833333
27	17	0.833333
27	17	0.845238
27	19	0.845238
27	19	0.857143
27	23	0.857143
27	23	0.952381
27	24	0.952381
27	24	0.97619
27	25	0.97619
27	25	1
28	1	0
28	1	0.404762
28	2	0.404762
28	2	0.809524
28	12	0.809524
28	12	0.821429
28	14	0.821429
28	14	0.833333
28	17	0.833333
28	17	0.845238
28	19	0.845238
28	19	0.857143
28	23	0.857143
28	23	0.869048
28	24	0.869048
28	24	0.916667
28	25	0.916667
28	25	0.964286
28	26	0.964286
28	26	0.97619
28	27	0.97619
28	27	0.988095
28	28	0.988095
28	28	1
29	1	0
29	1	0.404762
29	2	0.404762
29	2	0.607143
29	3	0.607143
29	3	0.809524
29	12	0.809524
29	12	0.821429
29	13	0.821429
29	13	0.833333
29	17	0.833333
29	17	0.845238
29	18	0.845238
29	18	0.857143
29	21	0.857143
29	21	0.880952
29	22	0.880952
29	22	0.916667
29	23	0.916667
29	23	0.940476
29	24	0.940476
29	24	0.964286
29	25	0.964286
29	25	0.988095
29	26	0.988095
29	26	1
30	1	0
30	1	0.404762
30	2	0.404762
30	2	0.809524
30	11	0.809524
30	11	0.821429
30	14	0.821429
30	14	0.833333
30	17	0.833333
30	17	0.845238
30	19	0.845238
30	19	0.869048
30	20	0.869048
30	20	0.904762
30	21	0.904762
30	21	0.952381
30	22	0.952381
30	22	0.988095
30	23	0.988095
30	23	1
